1.00000000 0.00000000
0.99998118 0.00613588
0.99992470 0.01227154
0.99983058 0.01840673
0.99969882 0.02454123
0.99952942 0.03067480
0.99932238 0.03680722
0.99907773 0.04293826
0.99879546 0.04906767
0.99847558 0.05519524
0.99811811 0.06132074
0.99772307 0.06744392
0.99729046 0.07356456
0.99682030 0.07968244
0.99631261 0.08579731
0.99576741 0.09190896
0.99518473 0.09801714
0.99456457 0.10412163
0.99390697 0.11022221
0.99321195 0.11631863
0.99247953 0.12241068
0.99170975 0.12849811
0.99090264 0.13458071
0.99005821 0.14065824
0.98917651 0.14673047
0.98825757 0.15279719
0.98730142 0.15885814
0.98630810 0.16491312
0.98527764 0.17096189
0.98421009 0.17700422
0.98310549 0.18303989
0.98196387 0.18906866
0.98078528 0.19509032
0.97956977 0.20110463
0.97831737 0.20711138
0.97702814 0.21311032
0.97570213 0.21910124
0.97433938 0.22508391
0.97293995 0.23105811
0.97150389 0.23702361
0.97003125 0.24298018
0.96852209 0.24892761
0.96697647 0.25486566
0.96539444 0.26079412
0.96377607 0.26671276
0.96212140 0.27262136
0.96043052 0.27851969
0.95870347 0.28440754
0.95694034 0.29028468
0.95514117 0.29615089
0.95330604 0.30200595
0.95143502 0.30784964
0.94952818 0.31368174
0.94758559 0.31950203
0.94560733 0.32531029
0.94359346 0.33110631
0.94154407 0.33688985
0.93945922 0.34266072
0.93733901 0.34841868
0.93518351 0.35416353
0.93299280 0.35989504
0.93076696 0.36561300
0.92850608 0.37131719
0.92621024 0.37700741
0.92387953 0.38268343
0.92151404 0.38834505
0.91911385 0.39399204
0.91667906 0.39962420
0.91420976 0.40524131
0.91170603 0.41084317
0.90916798 0.41642956
0.90659570 0.42200027
0.90398929 0.42755509
0.90134885 0.43309382
0.89867447 0.43861624
0.89596625 0.44412214
0.89322430 0.44961133
0.89044872 0.45508359
0.88763962 0.46053871
0.88479710 0.46597650
0.88192126 0.47139674
0.87901223 0.47679923
0.87607009 0.48218377
0.87309498 0.48755016
0.87008699 0.49289819
0.86704625 0.49822767
0.86397286 0.50353838
0.86086694 0.50883014
0.85772861 0.51410274
0.85455799 0.51935599
0.85135519 0.52458968
0.84812034 0.52980362
0.84485357 0.53499762
0.84155498 0.54017147
0.83822471 0.54532499
0.83486287 0.55045797
0.83146961 0.55557023
0.82804505 0.56066158
0.82458930 0.56573181
0.82110251 0.57078075
0.81758481 0.57580819
0.81403633 0.58081396
0.81045720 0.58579786
0.80684755 0.59075970
0.80320753 0.59569930
0.79953727 0.60061648
0.79583690 0.60551104
0.79210658 0.61038281
0.78834643 0.61523159
0.78455660 0.62005721
0.78073723 0.62485949
0.77688847 0.62963824
0.77301045 0.63439328
0.76910334 0.63912444
0.76516727 0.64383154
0.76120239 0.64851440
0.75720885 0.65317284
0.75318680 0.65780669
0.74913639 0.66241578
0.74505779 0.66699992
0.74095113 0.67155895
0.73681657 0.67609270
0.73265427 0.68060100
0.72846439 0.68508367
0.72424708 0.68954054
0.72000251 0.69397146
0.71573083 0.69837625
0.71143220 0.70275474
0.70710678 0.70710678
0.70275474 0.71143220
0.69837625 0.71573083
0.69397146 0.72000251
0.68954054 0.72424708
0.68508367 0.72846439
0.68060100 0.73265427
0.67609270 0.73681657
0.67155895 0.74095113
0.66699992 0.74505779
0.66241578 0.74913639
0.65780669 0.75318680
0.65317284 0.75720885
0.64851440 0.76120239
0.64383154 0.76516727
0.63912444 0.76910334
0.63439328 0.77301045
0.62963824 0.77688847
0.62485949 0.78073723
0.62005721 0.78455660
0.61523159 0.78834643
0.61038281 0.79210658
0.60551104 0.79583690
0.60061648 0.79953727
0.59569930 0.80320753
0.59075970 0.80684755
0.58579786 0.81045720
0.58081396 0.81403633
0.57580819 0.81758481
0.57078075 0.82110251
0.56573181 0.82458930
0.56066158 0.82804505
0.55557023 0.83146961
0.55045797 0.83486287
0.54532499 0.83822471
0.54017147 0.84155498
0.53499762 0.84485357
0.52980362 0.84812034
0.52458968 0.85135519
0.51935599 0.85455799
0.51410274 0.85772861
0.50883014 0.86086694
0.50353838 0.86397286
0.49822767 0.86704625
0.49289819 0.87008699
0.48755016 0.87309498
0.48218377 0.87607009
0.47679923 0.87901223
0.47139674 0.88192126
0.46597650 0.88479710
0.46053871 0.88763962
0.45508359 0.89044872
0.44961133 0.89322430
0.44412214 0.89596625
0.43861624 0.89867447
0.43309382 0.90134885
0.42755509 0.90398929
0.42200027 0.90659570
0.41642956 0.90916798
0.41084317 0.91170603
0.40524131 0.91420976
0.39962420 0.91667906
0.39399204 0.91911385
0.38834505 0.92151404
0.38268343 0.92387953
0.37700741 0.92621024
0.37131719 0.92850608
0.36561300 0.93076696
0.35989504 0.93299280
0.35416353 0.93518351
0.34841868 0.93733901
0.34266072 0.93945922
0.33688985 0.94154407
0.33110631 0.94359346
0.32531029 0.94560733
0.31950203 0.94758559
0.31368174 0.94952818
0.30784964 0.95143502
0.30200595 0.95330604
0.29615089 0.95514117
0.29028468 0.95694034
0.28440754 0.95870347
0.27851969 0.96043052
0.27262136 0.96212140
0.26671276 0.96377607
0.26079412 0.96539444
0.25486566 0.96697647
0.24892761 0.96852209
0.24298018 0.97003125
0.23702361 0.97150389
0.23105811 0.97293995
0.22508391 0.97433938
0.21910124 0.97570213
0.21311032 0.97702814
0.20711138 0.97831737
0.20110463 0.97956977
0.19509032 0.98078528
0.18906866 0.98196387
0.18303989 0.98310549
0.17700422 0.98421009
0.17096189 0.98527764
0.16491312 0.98630810
0.15885814 0.98730142
0.15279719 0.98825757
0.14673047 0.98917651
0.14065824 0.99005821
0.13458071 0.99090264
0.12849811 0.99170975
0.12241068 0.99247953
0.11631863 0.99321195
0.11022221 0.99390697
0.10412163 0.99456457
0.09801714 0.99518473
0.09190896 0.99576741
0.08579731 0.99631261
0.07968244 0.99682030
0.07356456 0.99729046
0.06744392 0.99772307
0.06132074 0.99811811
0.05519524 0.99847558
0.04906767 0.99879546
0.04293826 0.99907773
0.03680722 0.99932238
0.03067480 0.99952942
0.02454123 0.99969882
0.01840673 0.99983058
0.01227154 0.99992470
0.00613588 0.99998118
0.00000000 1.00000000
-0.00613588 0.99998118
-0.01227154 0.99992470
-0.01840673 0.99983058
-0.02454123 0.99969882
-0.03067480 0.99952942
-0.03680722 0.99932238
-0.04293826 0.99907773
-0.04906767 0.99879546
-0.05519524 0.99847558
-0.06132074 0.99811811
-0.06744392 0.99772307
-0.07356456 0.99729046
-0.07968244 0.99682030
-0.08579731 0.99631261
-0.09190896 0.99576741
-0.09801714 0.99518473
-0.10412163 0.99456457
-0.11022221 0.99390697
-0.11631863 0.99321195
-0.12241068 0.99247953
-0.12849811 0.99170975
-0.13458071 0.99090264
-0.14065824 0.99005821
-0.14673047 0.98917651
-0.15279719 0.98825757
-0.15885814 0.98730142
-0.16491312 0.98630810
-0.17096189 0.98527764
-0.17700422 0.98421009
-0.18303989 0.98310549
-0.18906866 0.98196387
-0.19509032 0.98078528
-0.20110463 0.97956977
-0.20711138 0.97831737
-0.21311032 0.97702814
-0.21910124 0.97570213
-0.22508391 0.97433938
-0.23105811 0.97293995
-0.23702361 0.97150389
-0.24298018 0.97003125
-0.24892761 0.96852209
-0.25486566 0.96697647
-0.26079412 0.96539444
-0.26671276 0.96377607
-0.27262136 0.96212140
-0.27851969 0.96043052
-0.28440754 0.95870347
-0.29028468 0.95694034
-0.29615089 0.95514117
-0.30200595 0.95330604
-0.30784964 0.95143502
-0.31368174 0.94952818
-0.31950203 0.94758559
-0.32531029 0.94560733
-0.33110631 0.94359346
-0.33688985 0.94154407
-0.34266072 0.93945922
-0.34841868 0.93733901
-0.35416353 0.93518351
-0.35989504 0.93299280
-0.36561300 0.93076696
-0.37131719 0.92850608
-0.37700741 0.92621024
-0.38268343 0.92387953
-0.38834505 0.92151404
-0.39399204 0.91911385
-0.39962420 0.91667906
-0.40524131 0.91420976
-0.41084317 0.91170603
-0.41642956 0.90916798
-0.42200027 0.90659570
-0.42755509 0.90398929
-0.43309382 0.90134885
-0.43861624 0.89867447
-0.44412214 0.89596625
-0.44961133 0.89322430
-0.45508359 0.89044872
-0.46053871 0.88763962
-0.46597650 0.88479710
-0.47139674 0.88192126
-0.47679923 0.87901223
-0.48218377 0.87607009
-0.48755016 0.87309498
-0.49289819 0.87008699
-0.49822767 0.86704625
-0.50353838 0.86397286
-0.50883014 0.86086694
-0.51410274 0.85772861
-0.51935599 0.85455799
-0.52458968 0.85135519
-0.52980362 0.84812034
-0.53499762 0.84485357
-0.54017147 0.84155498
-0.54532499 0.83822471
-0.55045797 0.83486287
-0.55557023 0.83146961
-0.56066158 0.82804505
-0.56573181 0.82458930
-0.57078075 0.82110251
-0.57580819 0.81758481
-0.58081396 0.81403633
-0.58579786 0.81045720
-0.59075970 0.80684755
-0.59569930 0.80320753
-0.60061648 0.79953727
-0.60551104 0.79583690
-0.61038281 0.79210658
-0.61523159 0.78834643
-0.62005721 0.78455660
-0.62485949 0.78073723
-0.62963824 0.77688847
-0.63439328 0.77301045
-0.63912444 0.76910334
-0.64383154 0.76516727
-0.64851440 0.76120239
-0.65317284 0.75720885
-0.65780669 0.75318680
-0.66241578 0.74913639
-0.66699992 0.74505779
-0.67155895 0.74095113
-0.67609270 0.73681657
-0.68060100 0.73265427
-0.68508367 0.72846439
-0.68954054 0.72424708
-0.69397146 0.72000251
-0.69837625 0.71573083
-0.70275474 0.71143220
-0.70710678 0.70710678
-0.71143220 0.70275474
-0.71573083 0.69837625
-0.72000251 0.69397146
-0.72424708 0.68954054
-0.72846439 0.68508367
-0.73265427 0.68060100
-0.73681657 0.67609270
-0.74095113 0.67155895
-0.74505779 0.66699992
-0.74913639 0.66241578
-0.75318680 0.65780669
-0.75720885 0.65317284
-0.76120239 0.64851440
-0.76516727 0.64383154
-0.76910334 0.63912444
-0.77301045 0.63439328
-0.77688847 0.62963824
-0.78073723 0.62485949
-0.78455660 0.62005721
-0.78834643 0.61523159
-0.79210658 0.61038281
-0.79583690 0.60551104
-0.79953727 0.60061648
-0.80320753 0.59569930
-0.80684755 0.59075970
-0.81045720 0.58579786
-0.81403633 0.58081396
-0.81758481 0.57580819
-0.82110251 0.57078075
-0.82458930 0.56573181
-0.82804505 0.56066158
-0.83146961 0.55557023
-0.83486287 0.55045797
-0.83822471 0.54532499
-0.84155498 0.54017147
-0.84485357 0.53499762
-0.84812034 0.52980362
-0.85135519 0.52458968
-0.85455799 0.51935599
-0.85772861 0.51410274
-0.86086694 0.50883014
-0.86397286 0.50353838
-0.86704625 0.49822767
-0.87008699 0.49289819
-0.87309498 0.48755016
-0.87607009 0.48218377
-0.87901223 0.47679923
-0.88192126 0.47139674
-0.88479710 0.46597650
-0.88763962 0.46053871
-0.89044872 0.45508359
-0.89322430 0.44961133
-0.89596625 0.44412214
-0.89867447 0.43861624
-0.90134885 0.43309382
-0.90398929 0.42755509
-0.90659570 0.42200027
-0.90916798 0.41642956
-0.91170603 0.41084317
-0.91420976 0.40524131
-0.91667906 0.39962420
-0.91911385 0.39399204
-0.92151404 0.38834505
-0.92387953 0.38268343
-0.92621024 0.37700741
-0.92850608 0.37131719
-0.93076696 0.36561300
-0.93299280 0.35989504
-0.93518351 0.35416353
-0.93733901 0.34841868
-0.93945922 0.34266072
-0.94154407 0.33688985
-0.94359346 0.33110631
-0.94560733 0.32531029
-0.94758559 0.31950203
-0.94952818 0.31368174
-0.95143502 0.30784964
-0.95330604 0.30200595
-0.95514117 0.29615089
-0.95694034 0.29028468
-0.95870347 0.28440754
-0.96043052 0.27851969
-0.96212140 0.27262136
-0.96377607 0.26671276
-0.96539444 0.26079412
-0.96697647 0.25486566
-0.96852209 0.24892761
-0.97003125 0.24298018
-0.97150389 0.23702361
-0.97293995 0.23105811
-0.97433938 0.22508391
-0.97570213 0.21910124
-0.97702814 0.21311032
-0.97831737 0.20711138
-0.97956977 0.20110463
-0.98078528 0.19509032
-0.98196387 0.18906866
-0.98310549 0.18303989
-0.98421009 0.17700422
-0.98527764 0.17096189
-0.98630810 0.16491312
-0.98730142 0.15885814
-0.98825757 0.15279719
-0.98917651 0.14673047
-0.99005821 0.14065824
-0.99090264 0.13458071
-0.99170975 0.12849811
-0.99247953 0.12241068
-0.99321195 0.11631863
-0.99390697 0.11022221
-0.99456457 0.10412163
-0.99518473 0.09801714
-0.99576741 0.09190896
-0.99631261 0.08579731
-0.99682030 0.07968244
-0.99729046 0.07356456
-0.99772307 0.06744392
-0.99811811 0.06132074
-0.99847558 0.05519524
-0.99879546 0.04906767
-0.99907773 0.04293826
-0.99932238 0.03680722
-0.99952942 0.03067480
-0.99969882 0.02454123
-0.99983058 0.01840673
-0.99992470 0.01227154
-0.99998118 0.00613588
-1.00000000 0.00000000
-0.99998118 -0.00613588
-0.99992470 -0.01227154
-0.99983058 -0.01840673
-0.99969882 -0.02454123
-0.99952942 -0.03067480
-0.99932238 -0.03680722
-0.99907773 -0.04293826
-0.99879546 -0.04906767
-0.99847558 -0.05519524
-0.99811811 -0.06132074
-0.99772307 -0.06744392
-0.99729046 -0.07356456
-0.99682030 -0.07968244
-0.99631261 -0.08579731
-0.99576741 -0.09190896
-0.99518473 -0.09801714
-0.99456457 -0.10412163
-0.99390697 -0.11022221
-0.99321195 -0.11631863
-0.99247953 -0.12241068
-0.99170975 -0.12849811
-0.99090264 -0.13458071
-0.99005821 -0.14065824
-0.98917651 -0.14673047
-0.98825757 -0.15279719
-0.98730142 -0.15885814
-0.98630810 -0.16491312
-0.98527764 -0.17096189
-0.98421009 -0.17700422
-0.98310549 -0.18303989
-0.98196387 -0.18906866
-0.98078528 -0.19509032
-0.97956977 -0.20110463
-0.97831737 -0.20711138
-0.97702814 -0.21311032
-0.97570213 -0.21910124
-0.97433938 -0.22508391
-0.97293995 -0.23105811
-0.97150389 -0.23702361
-0.97003125 -0.24298018
-0.96852209 -0.24892761
-0.96697647 -0.25486566
-0.96539444 -0.26079412
-0.96377607 -0.26671276
-0.96212140 -0.27262136
-0.96043052 -0.27851969
-0.95870347 -0.28440754
-0.95694034 -0.29028468
-0.95514117 -0.29615089
-0.95330604 -0.30200595
-0.95143502 -0.30784964
-0.94952818 -0.31368174
-0.94758559 -0.31950203
-0.94560733 -0.32531029
-0.94359346 -0.33110631
-0.94154407 -0.33688985
-0.93945922 -0.34266072
-0.93733901 -0.34841868
-0.93518351 -0.35416353
-0.93299280 -0.35989504
-0.93076696 -0.36561300
-0.92850608 -0.37131719
-0.92621024 -0.37700741
-0.92387953 -0.38268343
-0.92151404 -0.38834505
-0.91911385 -0.39399204
-0.91667906 -0.39962420
-0.91420976 -0.40524131
-0.91170603 -0.41084317
-0.90916798 -0.41642956
-0.90659570 -0.42200027
-0.90398929 -0.42755509
-0.90134885 -0.43309382
-0.89867447 -0.43861624
-0.89596625 -0.44412214
-0.89322430 -0.44961133
-0.89044872 -0.45508359
-0.88763962 -0.46053871
-0.88479710 -0.46597650
-0.88192126 -0.47139674
-0.87901223 -0.47679923
-0.87607009 -0.48218377
-0.87309498 -0.48755016
-0.87008699 -0.49289819
-0.86704625 -0.49822767
-0.86397286 -0.50353838
-0.86086694 -0.50883014
-0.85772861 -0.51410274
-0.85455799 -0.51935599
-0.85135519 -0.52458968
-0.84812034 -0.52980362
-0.84485357 -0.53499762
-0.84155498 -0.54017147
-0.83822471 -0.54532499
-0.83486287 -0.55045797
-0.83146961 -0.55557023
-0.82804505 -0.56066158
-0.82458930 -0.56573181
-0.82110251 -0.57078075
-0.81758481 -0.57580819
-0.81403633 -0.58081396
-0.81045720 -0.58579786
-0.80684755 -0.59075970
-0.80320753 -0.59569930
-0.79953727 -0.60061648
-0.79583690 -0.60551104
-0.79210658 -0.61038281
-0.78834643 -0.61523159
-0.78455660 -0.62005721
-0.78073723 -0.62485949
-0.77688847 -0.62963824
-0.77301045 -0.63439328
-0.76910334 -0.63912444
-0.76516727 -0.64383154
-0.76120239 -0.64851440
-0.75720885 -0.65317284
-0.75318680 -0.65780669
-0.74913639 -0.66241578
-0.74505779 -0.66699992
-0.74095113 -0.67155895
-0.73681657 -0.67609270
-0.73265427 -0.68060100
-0.72846439 -0.68508367
-0.72424708 -0.68954054
-0.72000251 -0.69397146
-0.71573083 -0.69837625
-0.71143220 -0.70275474
-0.70710678 -0.70710678
-0.70275474 -0.71143220
-0.69837625 -0.71573083
-0.69397146 -0.72000251
-0.68954054 -0.72424708
-0.68508367 -0.72846439
-0.68060100 -0.73265427
-0.67609270 -0.73681657
-0.67155895 -0.74095113
-0.66699992 -0.74505779
-0.66241578 -0.74913639
-0.65780669 -0.75318680
-0.65317284 -0.75720885
-0.64851440 -0.76120239
-0.64383154 -0.76516727
-0.63912444 -0.76910334
-0.63439328 -0.77301045
-0.62963824 -0.77688847
-0.62485949 -0.78073723
-0.62005721 -0.78455660
-0.61523159 -0.78834643
-0.61038281 -0.79210658
-0.60551104 -0.79583690
-0.60061648 -0.79953727
-0.59569930 -0.80320753
-0.59075970 -0.80684755
-0.58579786 -0.81045720
-0.58081396 -0.81403633
-0.57580819 -0.81758481
-0.57078075 -0.82110251
-0.56573181 -0.82458930
-0.56066158 -0.82804505
-0.55557023 -0.83146961
-0.55045797 -0.83486287
-0.54532499 -0.83822471
-0.54017147 -0.84155498
-0.53499762 -0.84485357
-0.52980362 -0.84812034
-0.52458968 -0.85135519
-0.51935599 -0.85455799
-0.51410274 -0.85772861
-0.50883014 -0.86086694
-0.50353838 -0.86397286
-0.49822767 -0.86704625
-0.49289819 -0.87008699
-0.48755016 -0.87309498
-0.48218377 -0.87607009
-0.47679923 -0.87901223
-0.47139674 -0.88192126
-0.46597650 -0.88479710
-0.46053871 -0.88763962
-0.45508359 -0.89044872
-0.44961133 -0.89322430
-0.44412214 -0.89596625
-0.43861624 -0.89867447
-0.43309382 -0.90134885
-0.42755509 -0.90398929
-0.42200027 -0.90659570
-0.41642956 -0.90916798
-0.41084317 -0.91170603
-0.40524131 -0.91420976
-0.39962420 -0.91667906
-0.39399204 -0.91911385
-0.38834505 -0.92151404
-0.38268343 -0.92387953
-0.37700741 -0.92621024
-0.37131719 -0.92850608
-0.36561300 -0.93076696
-0.35989504 -0.93299280
-0.35416353 -0.93518351
-0.34841868 -0.93733901
-0.34266072 -0.93945922
-0.33688985 -0.94154407
-0.33110631 -0.94359346
-0.32531029 -0.94560733
-0.31950203 -0.94758559
-0.31368174 -0.94952818
-0.30784964 -0.95143502
-0.30200595 -0.95330604
-0.29615089 -0.95514117
-0.29028468 -0.95694034
-0.28440754 -0.95870347
-0.27851969 -0.96043052
-0.27262136 -0.96212140
-0.26671276 -0.96377607
-0.26079412 -0.96539444
-0.25486566 -0.96697647
-0.24892761 -0.96852209
-0.24298018 -0.97003125
-0.23702361 -0.97150389
-0.23105811 -0.97293995
-0.22508391 -0.97433938
-0.21910124 -0.97570213
-0.21311032 -0.97702814
-0.20711138 -0.97831737
-0.20110463 -0.97956977
-0.19509032 -0.98078528
-0.18906866 -0.98196387
-0.18303989 -0.98310549
-0.17700422 -0.98421009
-0.17096189 -0.98527764
-0.16491312 -0.98630810
-0.15885814 -0.98730142
-0.15279719 -0.98825757
-0.14673047 -0.98917651
-0.14065824 -0.99005821
-0.13458071 -0.99090264
-0.12849811 -0.99170975
-0.12241068 -0.99247953
-0.11631863 -0.99321195
-0.11022221 -0.99390697
-0.10412163 -0.99456457
-0.09801714 -0.99518473
-0.09190896 -0.99576741
-0.08579731 -0.99631261
-0.07968244 -0.99682030
-0.07356456 -0.99729046
-0.06744392 -0.99772307
-0.06132074 -0.99811811
-0.05519524 -0.99847558
-0.04906767 -0.99879546
-0.04293826 -0.99907773
-0.03680722 -0.99932238
-0.03067480 -0.99952942
-0.02454123 -0.99969882
-0.01840673 -0.99983058
-0.01227154 -0.99992470
-0.00613588 -0.99998118
-0.00000000 -1.00000000
0.00613588 -0.99998118
0.01227154 -0.99992470
0.01840673 -0.99983058
0.02454123 -0.99969882
0.03067480 -0.99952942
0.03680722 -0.99932238
0.04293826 -0.99907773
0.04906767 -0.99879546
0.05519524 -0.99847558
0.06132074 -0.99811811
0.06744392 -0.99772307
0.07356456 -0.99729046
0.07968244 -0.99682030
0.08579731 -0.99631261
0.09190896 -0.99576741
0.09801714 -0.99518473
0.10412163 -0.99456457
0.11022221 -0.99390697
0.11631863 -0.99321195
0.12241068 -0.99247953
0.12849811 -0.99170975
0.13458071 -0.99090264
0.14065824 -0.99005821
0.14673047 -0.98917651
0.15279719 -0.98825757
0.15885814 -0.98730142
0.16491312 -0.98630810
0.17096189 -0.98527764
0.17700422 -0.98421009
0.18303989 -0.98310549
0.18906866 -0.98196387
0.19509032 -0.98078528
0.20110463 -0.97956977
0.20711138 -0.97831737
0.21311032 -0.97702814
0.21910124 -0.97570213
0.22508391 -0.97433938
0.23105811 -0.97293995
0.23702361 -0.97150389
0.24298018 -0.97003125
0.24892761 -0.96852209
0.25486566 -0.96697647
0.26079412 -0.96539444
0.26671276 -0.96377607
0.27262136 -0.96212140
0.27851969 -0.96043052
0.28440754 -0.95870347
0.29028468 -0.95694034
0.29615089 -0.95514117
0.30200595 -0.95330604
0.30784964 -0.95143502
0.31368174 -0.94952818
0.31950203 -0.94758559
0.32531029 -0.94560733
0.33110631 -0.94359346
0.33688985 -0.94154407
0.34266072 -0.93945922
0.34841868 -0.93733901
0.35416353 -0.93518351
0.35989504 -0.93299280
0.36561300 -0.93076696
0.37131719 -0.92850608
0.37700741 -0.92621024
0.38268343 -0.92387953
0.38834505 -0.92151404
0.39399204 -0.91911385
0.39962420 -0.91667906
0.40524131 -0.91420976
0.41084317 -0.91170603
0.41642956 -0.90916798
0.42200027 -0.90659570
0.42755509 -0.90398929
0.43309382 -0.90134885
0.43861624 -0.89867447
0.44412214 -0.89596625
0.44961133 -0.89322430
0.45508359 -0.89044872
0.46053871 -0.88763962
0.46597650 -0.88479710
0.47139674 -0.88192126
0.47679923 -0.87901223
0.48218377 -0.87607009
0.48755016 -0.87309498
0.49289819 -0.87008699
0.49822767 -0.86704625
0.50353838 -0.86397286
0.50883014 -0.86086694
0.51410274 -0.85772861
0.51935599 -0.85455799
0.52458968 -0.85135519
0.52980362 -0.84812034
0.53499762 -0.84485357
0.54017147 -0.84155498
0.54532499 -0.83822471
0.55045797 -0.83486287
0.55557023 -0.83146961
0.56066158 -0.82804505
0.56573181 -0.82458930
0.57078075 -0.82110251
0.57580819 -0.81758481
0.58081396 -0.81403633
0.58579786 -0.81045720
0.59075970 -0.80684755
0.59569930 -0.80320753
0.60061648 -0.79953727
0.60551104 -0.79583690
0.61038281 -0.79210658
0.61523159 -0.78834643
0.62005721 -0.78455660
0.62485949 -0.78073723
0.62963824 -0.77688847
0.63439328 -0.77301045
0.63912444 -0.76910334
0.64383154 -0.76516727
0.64851440 -0.76120239
0.65317284 -0.75720885
0.65780669 -0.75318680
0.66241578 -0.74913639
0.66699992 -0.74505779
0.67155895 -0.74095113
0.67609270 -0.73681657
0.68060100 -0.73265427
0.68508367 -0.72846439
0.68954054 -0.72424708
0.69397146 -0.72000251
0.69837625 -0.71573083
0.70275474 -0.71143220
0.70710678 -0.70710678
0.71143220 -0.70275474
0.71573083 -0.69837625
0.72000251 -0.69397146
0.72424708 -0.68954054
0.72846439 -0.68508367
0.73265427 -0.68060100
0.73681657 -0.67609270
0.74095113 -0.67155895
0.74505779 -0.66699992
0.74913639 -0.66241578
0.75318680 -0.65780669
0.75720885 -0.65317284
0.76120239 -0.64851440
0.76516727 -0.64383154
0.76910334 -0.63912444
0.77301045 -0.63439328
0.77688847 -0.62963824
0.78073723 -0.62485949
0.78455660 -0.62005721
0.78834643 -0.61523159
0.79210658 -0.61038281
0.79583690 -0.60551104
0.79953727 -0.60061648
0.80320753 -0.59569930
0.80684755 -0.59075970
0.81045720 -0.58579786
0.81403633 -0.58081396
0.81758481 -0.57580819
0.82110251 -0.57078075
0.82458930 -0.56573181
0.82804505 -0.56066158
0.83146961 -0.55557023
0.83486287 -0.55045797
0.83822471 -0.54532499
0.84155498 -0.54017147
0.84485357 -0.53499762
0.84812034 -0.52980362
0.85135519 -0.52458968
0.85455799 -0.51935599
0.85772861 -0.51410274
0.86086694 -0.50883014
0.86397286 -0.50353838
0.86704625 -0.49822767
0.87008699 -0.49289819
0.87309498 -0.48755016
0.87607009 -0.48218377
0.87901223 -0.47679923
0.88192126 -0.47139674
0.88479710 -0.46597650
0.88763962 -0.46053871
0.89044872 -0.45508359
0.89322430 -0.44961133
0.89596625 -0.44412214
0.89867447 -0.43861624
0.90134885 -0.43309382
0.90398929 -0.42755509
0.90659570 -0.42200027
0.90916798 -0.41642956
0.91170603 -0.41084317
0.91420976 -0.40524131
0.91667906 -0.39962420
0.91911385 -0.39399204
0.92151404 -0.38834505
0.92387953 -0.38268343
0.92621024 -0.37700741
0.92850608 -0.37131719
0.93076696 -0.36561300
0.93299280 -0.35989504
0.93518351 -0.35416353
0.93733901 -0.34841868
0.93945922 -0.34266072
0.94154407 -0.33688985
0.94359346 -0.33110631
0.94560733 -0.32531029
0.94758559 -0.31950203
0.94952818 -0.31368174
0.95143502 -0.30784964
0.95330604 -0.30200595
0.95514117 -0.29615089
0.95694034 -0.29028468
0.95870347 -0.28440754
0.96043052 -0.27851969
0.96212140 -0.27262136
0.96377607 -0.26671276
0.96539444 -0.26079412
0.96697647 -0.25486566
0.96852209 -0.24892761
0.97003125 -0.24298018
0.97150389 -0.23702361
0.97293995 -0.23105811
0.97433938 -0.22508391
0.97570213 -0.21910124
0.97702814 -0.21311032
0.97831737 -0.20711138
0.97956977 -0.20110463
0.98078528 -0.19509032
0.98196387 -0.18906866
0.98310549 -0.18303989
0.98421009 -0.17700422
0.98527764 -0.17096189
0.98630810 -0.16491312
0.98730142 -0.15885814
0.98825757 -0.15279719
0.98917651 -0.14673047
0.99005821 -0.14065824
0.99090264 -0.13458071
0.99170975 -0.12849811
0.99247953 -0.12241068
0.99321195 -0.11631863
0.99390697 -0.11022221
0.99456457 -0.10412163
0.99518473 -0.09801714
0.99576741 -0.09190896
0.99631261 -0.08579731
0.99682030 -0.07968244
0.99729046 -0.07356456
0.99772307 -0.06744392
0.99811811 -0.06132074
0.99847558 -0.05519524
0.99879546 -0.04906767
0.99907773 -0.04293826
0.99932238 -0.03680722
0.99952942 -0.03067480
0.99969882 -0.02454123
0.99983058 -0.01840673
0.99992470 -0.01227154
0.99998118 -0.00613588
